4
7
0 0 0
0
0 0 0
0
0 0 0
0
0 0 0
0
0 0 0
0
0 0 0
0
0 0 0
0
6
24 1547 149.7
102 69 136 99 100 101 100 99 136 69 13 32 95 68 10 49 15 35 76 58 72 79 74 73 
23 1558 150.8
102 69 136 99 100 101 100 99 136 69 13 32 95 68 10 49 15 35 76 80 79 74 73 
25 1619 156.9
102 69 136 99 100 101 100 99 136 69 13 32 95 68 14 10 49 15 35 76 58 72 79 74 73 
24 1630 158
102 69 136 99 100 101 100 99 136 69 13 32 95 68 14 10 49 15 35 76 80 79 74 73 
24 1633 158.3
102 69 136 99 100 101 100 99 136 69 13 32 95 68 10 49 15 35 76 80 77 75 74 73 
25 1705 165.5
102 69 136 99 100 101 100 99 136 69 13 32 95 68 14 10 49 15 35 76 80 77 75 74 73 
6
17 1452 134.4
64 124 126 125 17 128 17 125 126 133 16 8 6 4 20 103 135 
19 1457 134.9
64 124 126 125 17 128 17 125 126 133 16 117 113 116 6 4 20 103 135 
19 1458 135
64 124 126 125 17 128 17 125 126 133 16 117 113 8 6 4 20 103 135 
18 1694 158.6
64 124 126 125 17 128 17 125 126 133 16 8 6 4 20 23 103 135 
20 1699 159.1
64 124 126 125 17 128 17 125 126 133 16 117 113 116 6 4 20 23 103 135 
20 1700 159.2
64 124 126 125 17 128 17 125 126 133 16 117 113 8 6 4 20 23 103 135 
10
17 1578 122
52 53 54 4 6 7 55 7 6 8 16 133 126 125 17 127 18 
17 1580 122.2
52 53 54 4 6 7 55 7 6 8 16 133 126 125 129 127 18 
19 1583 122.5
52 53 54 4 6 7 55 7 6 116 113 117 16 133 126 125 17 127 18 
19 1584 122.6
52 53 54 4 6 7 55 7 6 8 113 117 16 133 126 125 17 127 18 
19 1585 122.7
52 53 54 4 6 7 55 7 6 116 113 117 16 133 126 125 129 127 18 
19 1586 122.8
52 53 54 4 6 7 55 7 6 8 113 117 16 133 126 125 129 127 18 
19 1588 123
52 53 54 4 6 7 55 7 6 8 16 117 16 133 126 125 17 127 18 
19 1590 123.2
52 53 54 4 6 7 55 7 6 8 16 117 16 133 126 125 129 127 18 
21 1593 123.5
52 53 54 4 6 7 55 7 6 116 113 117 16 117 16 133 126 125 17 127 18 
21 1594 123.6
52 53 54 4 6 7 55 7 6 8 113 117 16 117 16 133 126 125 17 127 18 
