4
7
14 1220
86 94 92 87 11 48 49 46 45 43 118 116 113 63 
14 1233
86 94 92 93 11 48 49 46 45 43 118 116 113 63 
14 1238
86 94 36 93 11 48 49 46 45 43 118 116 113 63 
14 1301
86 94 92 87 11 10 49 46 45 43 118 116 113 63 
14 1314
86 94 92 93 11 10 49 46 45 43 118 116 113 63 
14 1319
86 94 36 93 11 10 49 46 45 43 118 116 113 63 
15 1375
86 94 36 82 34 47 48 49 46 45 43 118 116 113 63 
6
16 1139
102 69 13 32 95 68 10 49 15 35 76 58 72 79 74 73 
15 1150
102 69 13 32 95 68 10 49 15 35 76 80 79 74 73 
17 1211
102 69 13 32 95 68 14 10 49 15 35 76 58 72 79 74 73 
16 1222
102 69 13 32 95 68 14 10 49 15 35 76 80 79 74 73 
16 1225
102 69 13 32 95 68 10 49 15 35 76 80 77 75 74 73 
17 1297
102 69 13 32 95 68 14 10 49 15 35 76 80 77 75 74 73 
6
11 1160
64 124 126 133 16 8 6 4 20 103 135 
13 1165
64 124 126 133 16 117 113 116 6 4 20 103 135 
13 1166
64 124 126 133 16 117 113 8 6 4 20 103 135 
12 1402
64 124 126 133 16 8 6 4 20 23 103 135 
14 1407
64 124 126 133 16 117 113 116 6 4 20 23 103 135 
14 1408
64 124 126 133 16 117 113 8 6 4 20 23 103 135 
10
14 1043
52 53 54 55 7 6 8 16 133 126 125 17 127 18 
14 1045
52 53 54 55 7 6 8 16 133 126 125 129 127 18 
16 1048
52 53 54 55 7 6 116 113 117 16 133 126 125 17 127 18 
16 1049
52 53 54 55 7 6 8 113 117 16 133 126 125 17 127 18 
16 1050
52 53 54 55 7 6 116 113 117 16 133 126 125 129 127 18 
16 1051
52 53 54 55 7 6 8 113 117 16 133 126 125 129 127 18 
16 1053
52 53 54 55 7 6 8 16 117 16 133 126 125 17 127 18 
16 1055
52 53 54 55 7 6 8 16 117 16 133 126 125 129 127 18 
18 1058
52 53 54 55 7 6 116 113 117 16 117 16 133 126 125 17 127 18 
18 1059
52 53 54 55 7 6 8 113 117 16 117 16 133 126 125 17 127 18 
